#The current order (by line) of the data is: (1) Pressure [P/PEarth], (2) Star Temp [K], (3) atmosphere temperature [K], (4) maximum ozone abundance [molecules/cm^3], (5) altitude of max abundance [km], (6) total column (molecules/cm^3)
0.1 
2500 
102.68293355826123
1.950453e+11
12.7
7.019898e+12
1 
2500 
102.68293355826123
1.953806e+11
28.28
7.078445e+12
5 
2500 
102.68293355826123
1.960446e+11
39.25
7.099205e+12
10 
2500 
102.68293355826123
1.964157e+11
43.87
7.108377e+12
25 
2500 
102.68293355826123
1.973846e+11
50.21
7.120850e+12
50 
2500 
102.68293355826123
1.985763e+11
54.83
7.130854e+12
0.1 
3500 
143.7561069815657
7.109647e+11
30.59
4.958317e+13
1 
3500 
143.7561069815657
7.110154e+11
46.17
4.966738e+13
5 
3500 
143.7561069815657
7.130110e+11
57.14
4.968307e+13
10 
3500 
143.7561069815657
7.196543e+11
62.91
4.974821e+13
25 
3500 
143.7561069815657
7.929854e+11
79.65
5.000610e+13
50 
3500 
143.7561069815657
1.457463e+12
86.0
5.031907e+13
0.1 
4500 
184.82928040487016
1.306710e+12
34.05
5.508173e+13
1 
4500 
184.82928040487016
1.306623e+12
49.64
5.515811e+13
5 
4500 
184.82928040487016
1.310659e+12
60.6
5.517803e+13
10 
4500 
184.82928040487016
1.318572e+12
65.22
5.519315e+13
25 
4500 
184.82928040487016
1.360607e+12
72.15
5.523574e+13
50 
4500 
184.82928040487016
1.476238e+12
76.77
5.531576e+13
0.1 
5500 
225.90245382817463
1.399773e+12
28.86
5.586431e+13
1 
5500 
225.90245382817463
1.399894e+12
44.44
5.595440e+13
5 
5500 
225.90245382817463
1.401389e+12
55.41
5.597589e+13
10 
5500 
225.90245382817463
1.404055e+12
60.03
5.598728e+13
25 
5500 
225.90245382817463
1.418079e+12
66.38
5.600844e+13
50 
5500 
225.90245382817463
1.451349e+12
70.99
5.603449e+13
